,x,y,abs velocity
0,153.6,178.5,4.03885807160571
1,200.17526089704296,71.49332874686284,12.035937382789593
2,173.67373836560668,353.633744667367,13.592978935715994
3,305.96671222282555,66.0597763092639,12.045057539337051
4,231.49852285683582,22.292588010682948,17.116489802011735
5,245.9954027354265,281.6392610958923,5.651764224124822
6,110.56043507266283,94.6415534111061,18.655977408290568
7,36.42349689480172,89.69305046815549,11.799157905113168
8,259.6915034794882,258.9963855249347,6.599574191412647
9,132.6459999875671,38.18153852131131,19.417164381215958
10,4.0121412419121265,146.24756962373235,7.408743243942166
11,76.94200467169797,235.10500928669913,5.8846486103888855
12,17.174273647156927,183.72346554846555,17.31265899549754
13,140.24261602318353,61.70946576333773,16.51622384032077
14,206.1519467703991,329.25852393023007,5.628542727191403
15,237.16019574334914,145.63552795746725,11.311175531285912
16,37.526506514203525,199.98594909795193,12.423143502205638
17,16.042957431022604,8.852600547123222,11.038897755795963
18,13.325553100826005,169.8433928237929,14.689251769683969
19,275.1827879319551,207.14517582700358,6.633521591008834
