,latitude,longitude
0,45.083333,7.05
1,45.095774,7.051744
2,45.095684,7.051744
3,45.083717,7.051744
4,45.083627,7.051744
5,45.083629,7.053654
6,45.083719,7.053654
7,45.095663,7.053655
8,45.095753,7.053655
9,45.095732,7.055566
10,45.095642,7.055566
11,45.083722,7.055565
12,45.083632,7.055565
13,45.083634,7.057476
14,45.083724,7.057476
15,45.095621,7.057477
16,45.095711,7.057477
17,45.09569,7.059388
18,45.0956,7.059388
19,45.083726,7.059386
20,45.083636,7.059386
21,45.083639,7.061297
22,45.083729,7.061297
23,45.09558,7.061299
24,45.095669,7.061299
25,45.095648,7.06321
26,45.095559,7.06321
27,45.083731,7.063207
28,45.083641,7.063207
29,45.083643,7.065118
30,45.083733,7.065118
31,45.095538,7.065121
32,45.095628,7.065121
