,x,y
0,1382.6122157053385,137.309407975528
1,1372.610187368766,137.309407975528
2,42.67522932249689,137.309407975528
3,32.67322219212313,137.309407975528
4,32.89548901514421,287.6884040766999
5,42.89749614916722,287.6884040766999
6,1370.2763807808608,287.76713653539406
7,1380.2784090799405,287.76713653539406
8,1377.9446024625502,438.2248650553978
9,1367.9425741984885,438.2248650553978
10,43.23089638992874,438.1461325967301
11,33.22888925025545,438.1461325967301
12,33.451156074756064,588.60386105473
13,43.45316321595576,588.60386105473
14,1365.6087676273016,588.6825935132904
15,1375.6107958538737,588.6825935132904
16,1373.2769892535541,739.1403218897359
17,1363.2749610634119,739.1403218897359
18,43.67543004342503,738.9828569725728
19,33.67342289716217,738.9828569725728
20,34.00682313240962,889.4405852459876
21,44.008830284323516,889.4405852459876
22,1361.0522881547774,889.5980501630318
23,1370.9431826612408,889.5980501630318
24,1368.609376078349,1040.0557783122651
25,1358.7184816078122,1040.0557783122651
26,44.231097113623726,1039.8195809369795
27,34.22908995700152,1039.8195809369795
28,34.45135678197314,1190.277308941411
29,44.4533639411843,1190.277308941411
30,1356.3846750695575,1190.5135063165224
31,1366.3867031499826,1190.5135063165224
