,x,y,abs velocity
0,960.0,439.0,3.222628371764637
1,48.85605310744474,475.36015111269,9.117027824319612
2,1868.6443335226788,439.70213672663886,5.467839052439488
3,56.78393081646156,38.18184093303108,11.703090326310488
4,1492.6025900081327,180.41605626126832,15.493517784272264
5,1122.1648718946074,755.9657798292192,7.0025737389572855
6,1666.709933519706,397.7329352258418,4.469924347972662
7,618.2433914636657,415.97095044150484,11.052446529454919
8,67.82600954297244,842.7863325229273,20.620407350080526
9,855.683551377377,444.5395769584056,3.4721434169029415
10,588.2623110398322,753.7756487810591,18.94180910754243
11,1847.4261603471705,500.7063406752682,10.15695226041833
12,748.9162344370745,442.6062684418584,13.378541607201308
13,409.0172090511624,592.1715512174641,5.065398103701937
14,1392.893157583243,74.34924230567313,9.56582873124831
15,654.5231311038401,540.1333365868342,9.198422309555959
16,206.8429153492164,40.170022702071314,18.070842397410487
17,460.0960605456179,867.6031617760967,9.007324917599421
18,20.1718109158508,862.7084241113068,6.044293291774972
19,1507.4603836699514,683.013433012356,12.68517951600347
20,472.02840806484323,88.63201258949869,13.300175441354597
21,514.6825297051155,761.714212732498,14.948883390273451
